//Sample output with input of: [31, 17, 93, 24, 22, 10, 107, 1]
0,0: [31, 17, 93, 24, 22, 10, 107, 1]
0,1: [31, 17, 93, 24, 22, 10, 107, 1]
0,2: [93, 17, 31, 24, 22, 10, 107, 1]
0,3: [93, 17, 31, 24, 22, 10, 107, 1]
0,4: [93, 17, 31, 24, 22, 10, 107, 1]
0,5: [93, 17, 31, 24, 22, 10, 107, 1]
0,6: [107, 17, 31, 24, 22, 10, 93, 1]
0,7: [107, 17, 31, 24, 22, 10, 93, 1]
1,0: [17, 107, 31, 24, 22, 10, 93, 1]
1,1: [17, 107, 31, 24, 22, 10, 93, 1]
1,2: [17, 107, 31, 24, 22, 10, 93, 1]
1,3: [17, 107, 31, 24, 22, 10, 93, 1]
1,4: [17, 107, 31, 24, 22, 10, 93, 1]
1,5: [17, 107, 31, 24, 22, 10, 93, 1]
1,6: [17, 107, 31, 24, 22, 10, 93, 1]
1,7: [17, 107, 31, 24, 22, 10, 93, 1]
2,0: [17, 107, 31, 24, 22, 10, 93, 1]
2,1: [17, 31, 107, 24, 22, 10, 93, 1]
2,2: [17, 31, 107, 24, 22, 10, 93, 1]
2,3: [17, 31, 107, 24, 22, 10, 93, 1]
2,4: [17, 31, 107, 24, 22, 10, 93, 1]
2,5: [17, 31, 107, 24, 22, 10, 93, 1]
2,6: [17, 31, 107, 24, 22, 10, 93, 1]
2,7: [17, 31, 107, 24, 22, 10, 93, 1]
3,0: [17, 31, 107, 24, 22, 10, 93, 1]
3,1: [17, 24, 107, 31, 22, 10, 93, 1]
3,2: [17, 24, 31, 107, 22, 10, 93, 1]
3,3: [17, 24, 31, 107, 22, 10, 93, 1]
3,4: [17, 24, 31, 107, 22, 10, 93, 1]
3,5: [17, 24, 31, 107, 22, 10, 93, 1]
3,6: [17, 24, 31, 107, 22, 10, 93, 1]
3,7: [17, 24, 31, 107, 22, 10, 93, 1]
4,0: [17, 24, 31, 107, 22, 10, 93, 1]
4,1: [17, 22, 31, 107, 24, 10, 93, 1]
4,2: [17, 22, 24, 107, 31, 10, 93, 1]
4,3: [17, 22, 24, 31, 107, 10, 93, 1]
4,4: [17, 22, 24, 31, 107, 10, 93, 1]
4,5: [17, 22, 24, 31, 107, 10, 93, 1]
4,6: [17, 22, 24, 31, 107, 10, 93, 1]
4,7: [17, 22, 24, 31, 107, 10, 93, 1]
5,0: [10, 22, 24, 31, 107, 17, 93, 1]
5,1: [10, 17, 24, 31, 107, 22, 93, 1]
5,2: [10, 17, 22, 31, 107, 24, 93, 1]
5,3: [10, 17, 22, 24, 107, 31, 93, 1]
5,4: [10, 17, 22, 24, 31, 107, 93, 1]
5,5: [10, 17, 22, 24, 31, 107, 93, 1]
5,6: [10, 17, 22, 24, 31, 107, 93, 1]
5,7: [10, 17, 22, 24, 31, 107, 93, 1]
6,0: [10, 17, 22, 24, 31, 107, 93, 1]
6,1: [10, 17, 22, 24, 31, 107, 93, 1]
6,2: [10, 17, 22, 24, 31, 107, 93, 1]
6,3: [10, 17, 22, 24, 31, 107, 93, 1]
6,4: [10, 17, 22, 24, 31, 107, 93, 1]
6,5: [10, 17, 22, 24, 31, 93, 107, 1]
6,6: [10, 17, 22, 24, 31, 93, 107, 1]
6,7: [10, 17, 22, 24, 31, 93, 107, 1]
7,0: [1, 17, 22, 24, 31, 93, 107, 10]
7,1: [1, 10, 22, 24, 31, 93, 107, 17]
7,2: [1, 10, 17, 24, 31, 93, 107, 22]
7,3: [1, 10, 17, 22, 31, 93, 107, 24]
7,4: [1, 10, 17, 22, 24, 93, 107, 31]
7,5: [1, 10, 17, 22, 24, 31, 107, 93]
7,6: [1, 10, 17, 22, 24, 31, 93, 107]
7,7: [1, 10, 17, 22, 24, 31, 93, 107]
sort [1, 10, 17, 22, 24, 31, 93, 107]
